jli;58,62,97
jfq;61,44,50
r4b;38,70,12
9sj;54,87,78
cl6;57,98,1
q6c;34,56,1
e3g;62,75,18
db3;96,64,51
b3n;98,53,4
5h4;28,15,48
bs9;79,13,6
mdh;53,93,76
av2;4,87,26
nle;80,70,88
bth;47,63,33
rm4;2,100,75
8p7;26,7,77
sir;26,83,15
em6;66,60,75
xog;36,98,20
sy5;33,24,67
63h;3,21,18
n8p;65,82,39
n91;25,28,61
ltb;94,91,46
stu;96,57,76
qra;24,39,87
6s3;90,19,5
0ey;84,63,28
xjy;39,29,15
nx8;63,52,97
vu1;10,14,59
p3r;57,91,1
rgp;22,57,94
txb;59,24,17
wg0;61,23,94
7xi;5,74,94
g85;60,80,4
lms;64,35,39
c21;71,7,15
qtc;71,48,13
ccs;62,73,64
i4t;9,46,18
zja;14,29,55
gif;100,20,55
6sk;26,88,35
3ac;7,91,89
2b1;24,22,74
wz1;69,73,3
z57;54,99,22
1q9;44,53,43
ifg;76,14,87
nbp;91,89,3
jsd;59,43,100
jmn;7,99,22
ud5;78,35,15
o4g;1,95,23
4yq;85,66,69
5k9;51,99,89
f7k;1,59,79
ggx;51,74,24
kh7;74,51,18
tye;95,70,5
qbv;79,9,94
ere;67,66,4
sck;5,78,17
8s8;41,43,100
sre;13,40,95
9vo;69,8,22
v71;94,10,63
nkf;4,56,38
vma;28,3,6
z88;5,27,68
de6;30,5,36
pgf;13,29,79
0av;82,39,18
mcp;100,9,49
qj2;15,67,31
ya7;56,3,50
6be;90,36,34
vju;30,39,10
9zs;90,34,97
4bw;92,9,25
f1l;23,6,19
2ta;80,16,100
nqu;38,90,51
qo1;49,36,4
vtc;94,26,100
828;40,29,79
xqq;72,91,55
mra;74,60,11
eq7;7,61,23
mvc;53,40,97
khu;42,88,47
h7t;53,98,78
9q3;45,73,8
gsd;4,62,61
feh;90,1,85
eof;19,66,43
ajr;25,8,74
h8y;8,16,26
akw;7,79,46
74e;4,30,100
mrx;43,44,16
b29;16,13,71
ssg;46,33,13
urh;8,57,14
a85;56,64,32
2ub;61,56,74
9no;2,51,23
yvk;86,93,50
8n0;87,18,32
xhi;83,23,77
blk;81,29,68
vde;25,48,66
qbx;31,52,61
1s1;13,2,1
7wo;86,82,50
zx1;62,98,53
ats;8,6,69
o2m;98,51,2
fyx;95,50,29
ftv;91,11,73
0wm;62,91,83
a2v;65,72,67
xtr;29,4,92
h2v;87,79,72
k9b;23,35,86
s5b;17,16,46
lh7;87,31,100
low;49,78,36
1o8;17,49,44
3b0;100,48,17
8li;65,1,49
ss1;66,32,1
hd8;8,100,73
qaj;4,10,3
gyb;19,52,52
opy;48,32,21
f15;49,64,18
38a;3,72,95
hao;2,13,59
xku;11,16,20
o4g;70,26,10
xg4;35,13,46
cc8;43,94,40
ley;96,82,16
7ve;63,94,23
6ym;57,84,91
esf;47,47,9
lo2;52,54,62
eu1;18,92,74
j2l;84,56,99
860;2,52,83
8mr;95,73,92
l74;46,86,9
qtg;74,83,2
fnb;95,2,56
cwx;30,62,98
zi2;67,25,3
h13;73,89,27
8vw;78,64,90
tdb;35,33,29
9su;80,77,91
23s;1,32,32
mea;22,31,88
avv;42,9,15
mf6;52,86,93
0dj;94,12,26
fhv;59,19,40
9ou;83,98,2
dib;21,4,98
lu5;33,78,81
5j7;38,38,79
cqc;29,82,83
8n5;59,79,98
hiw;25,69,10
0br;13,21,70
ij9;31,63,91
h47;96,37,34
gxm;21,90,50
j73;24,92,30
0gy;64,31,32
eb2;2,63,20
1xd;43,18,57
1l1;29,69,29
shh;69,77,60
m4d;44,59,99
44m;51,87,36
6nh;86,86,23
b8j;25,11,75
zxj;23,16,54
xtt;70,22,85
gi6;13,38,32
4d7;76,67,30
h8g;35,34,5
7vn;17,2,9
9uv;67,51,19
l5o;35,17,29
0jo;47,29,53
12m;30,32,79
2j5;81,59,95
qh7;20,58,98
r2i;30,43,44
cpt;61,34,57
jdm;12,83,70
g38;16,20,30
k1k;71,57,42
k4z;39,85,24
f1t;12,42,91
rl3;29,56,29
gr8;17,54,61
382;49,47,74
yvh;86,42,99
jsk;20,42,50
c6g;36,87,81
l4c;8,1,59
lii;57,100,71
jo0;48,3,32
wlc;36,42,100
ciu;30,87,13
m0h;63,51,42
qhc;5,72,25
u0e;79,55,56
ect;44,10,15
7yv;81,58,5
ogd;53,6,17
1o9;97,43,97
frm;26,47,82
c5w;49,46,13
wtj;74,54,58
yj5;14,53,36
nnl;54,75,66
tjy;53,12,34
eej;48,84,45
upb;37,93,95
e2u;88,60,55
8r9;98,19,57
u1t;26,55,35
0t1;24,10,85
30o;31,54,59
6qb;86,86,92
w3z;95,44,55
mkk;26,90,18
58f;64,83,21
54p;94,73,7
zbs;12,98,46
ybh;23,87,7
8cc;96,79,98
xoo;69,72,25
n5r;2,13,29
r3b;67,11,44
syf;78,35,29
81e;88,37,96
iuc;48,79,18
p1r;99,67,18
egl;10,19,12
y8i;58,81,41
7fe;8,6,76
my3;11,31,47
f9i;76,31,55
bon;94,71,11
kl1;56,11,61
72v;42,77,7
w7o;54,81,84
9jm;11,39,74
k9d;69,58,15
j3u;78,52,37
9ya;33,36,62
lxo;64,17,89
nu4;19,63,35
ul8;32,44,54
a1g;1,24,52
i9u;77,75,83
uyf;73,92,34
d2y;9,17,15
1gm;61,1,36
0ku;40,21,86
m3i;73,3,41
1zx;66,38,12
psc;89,55,68
786;56,90,65
f9b;33,29,85
ahh;71,77,28
7gt;19,18,95
jbo;75,42,49
0kf;37,35,72
qfj;26,66,30
lnd;65,32,40
yn5;56,7,23
cp3;70,22,54
dq8;34,48,13
hjn;1,87,36
x0q;95,27,39
iia;80,58,25
ifu;28,20,61
tu6;74,21,21
uci;29,37,3
1cm;90,23,70
qyd;49,16,26
qa8;26,73,48
3tw;25,61,27
5af;21,70,9
37v;93,76,46
l2d;24,47,100
yj2;88,34,15
s4n;63,4,83
rd9;13,95,58
c3c;78,39,7
xoa;89,70,54
gxk;6,24,82
9kn;81,57,77
dmi;88,52,85
u9r;8,23,73
f7b;81,66,87
djl;17,97,66
1hs;73,50,39
f0u;95,66,47
q5c;38,3,30
tlc;59,90,45
nqo;14,39,8
gsz;49,10,6
n90;91,33,7
ngl;24,70,4
ahd;16,24,80
9gk;28,45,28
4t4;84,38,54
dml;24,45,8
zt2;54,34,58
nv2;6,69,63
xdq;14,36,80
m5p;80,29,59
vhn;82,22,91
u4h;28,44,13
b67;9,99,10
78t;45,11,38
m9e;14,66,34
ahz;84,60,64
ul3;64,18,49
xfn;89,51,100
a4z;62,6,30
cdx;36,84,71
zu1;76,15,61
fnl;61,7,68
xa5;21,21,99
rv7;66,12,25
rlj;93,61,89
pnc;84,31,91
lbn;38,76,5
5az;25,83,54
6a8;80,89,28
o2q;29,17,12
8n7;56,73,36
vqk;49,46,58
l3b;12,73,5
g4d;62,67,22
0h8;29,17,16
x9u;75,52,58
7r6;73,91,22
d3x;87,92,50
nb8;30,81,50
fbv;87,49,26
l79;65,95,44
ucq;81,73,90
qho;18,72,5
51g;17,78,32
1tg;25,1,44
lek;83,57,48
l1q;66,95,57
qmn;52,20,42
bno;79,20,84
cfk;92,99,35
k63;15,70,83
i62;39,55,96
qwo;40,30,15
l2k;99,41,67
chi;85,12,59
gt0;89,84,12
d1r;60,69,97
co5;50,49,89
chb;31,68,5
u9u;100,100,83
o1l;69,89,48
ip6;62,40,41
sua;49,68,61
kwr;28,42,61
w1u;29,75,57
j3k;87,58,96
214;7,54,91
gh9;23,39,60
q9a;48,81,33
rwh;99,72,30
grv;15,7,7
ji9;87,14,72
wqt;52,11,4
ayh;55,84,37
ya6;87,66,65
kju;41,56,2
4yt;13,46,17
gej;32,80,83
w1g;56,3,87
yaz;3,31,82
9ym;16,57,37
mmr;2,41,25
lm0;70,7,16
12n;2,68,34
m9d;17,45,51
egw;69,64,87
vhd;24,51,68
leb;43,65,79
g6x;71,40,31
4pl;26,55,2
awj;17,2,11
fcd;21,2,26
97m;71,63,35
c89;73,83,51
hhu;77,5,56
e4c;5,96,84
h8q;36,83,63
ewd;18,98,48
tpe;22,99,56
9t3;35,98,1
357;97,82,17
ajv;10,39,84
snx;68,28,53
30b;58,82,86
8v6;41,1,98
g1w;98,91,91
64a;67,52,3
dbi;56,41,85
lu7;67,69,27
hnf;30,7,74
bec;17,20,90
ju6;71,22,10
kdq;60,28,98
805;15,1,35
o0j;22,10,61
hf4;74,13,44
tyw;23,42,66
5nr;15,70,92
avb;10,25,38
bhy;74,74,25
4go;39,91,9
atc;76,61,33
zlb;92,53,4
9wp;25,98,85
a2u;68,54,57
6nt;35,6,56
t1s;95,2,36
6px;73,95,83
cyy;30,100,92
muf;6,74,18
j5p;22,77,1
nxp;13,51,43
rz7;65,45,14
1sl;44,97,2
mdt;31,27,65
stj;11,89,52
puz;98,15,67
xu7;60,12,24
ftz;76,17,40
ka5;70,76,93
kw8;22,55,6
42p;65,17,17
bp1;45,95,50
6xj;47,75,11
6ns;11,80,57
3zx;6,10,68
mv2;99,63,3
fl8;59,57,22
6ap;48,86,61
4ds;61,17,39
qk5;10,8,34
0id;30,77,19
4f0;100,41,2
4m3;44,23,57
f2s;49,27,36
3s0;49,53,33
5wx;28,48,9
or9;15,23,46
ny4;59,95,53
o5f;15,65,62
aos;84,59,32
l95;64,62,40
jra;60,64,93
8ne;48,49,15
1e6;84,98,62
qx6;31,93,5
mn1;15,6,66
cz1;49,14,96
4ec;100,22,39
7xf;12,26,43
h7e;87,66,61
j7m;92,36,61
oje;99,85,43
2p2;9,84,99
eqn;31,15,67
5cp;34,2,90
awa;50,48,92
wdy;51,38,3
6kq;2,15,10
tjf;83,88,67
umd;53,93,3
ty2;25,10,94
7f3;96,37,73
9kd;90,11,78
4al;37,70,23
rex;32,79,25
lh2;75,68,27
hio;49,100,27
4xw;25,47,27
ood;19,66,12
h2s;46,14,27
hdt;26,94,68
twc;37,54,57
4qa;46,3,83
y01;26,97,41
z9k;87,86,62
eoq;13,74,19
pvv;96,56,100
zwn;20,51,64
1z3;73,28,95
tqz;68,62,83
osi;48,63,42
s67;22,56,20
5uh;95,59,59
zb3;78,99,7
h6s;75,66,72
7uj;55,76,42
ebk;17,45,9
u2i;67,5,72
f2u;90,11,81
xps;46,61,27
zvt;12,41,35
v1p;50,25,98
v2k;56,19,9
olf;57,64,27
lz1;3,97,97
4az;84,58,51
tdl;12,70,48
ucm;56,100,3
mi0;74,94,61
xq3;60,52,91
z1c;4,83,69
rm8;70,66,49
u0t;64,21,76
428;34,9,50
zgn;53,47,99
xrm;15,94,86
ljx;16,89,20
gng;26,80,57
kda;98,44,87
h6n;84,73,77
zme;9,28,81
54a;62,58,6
aum;23,92,57
g5v;95,82,6
72r;82,52,86
e0y;5,81,77
y42;4,5,36
sj7;42,62,38
47i;39,38,76
mef;33,56,5
01i;1,71,72
y71;40,38,44
veh;89,56,1
fsg;65,68,20
e5g;68,77,90
7t4;55,61,40
0w9;1,76,99
iej;36,99,32
xtx;94,76,14
7o8;55,31,59
y63;82,61,89
iq2;96,30,74
lst;97,75,75
7xo;16,96,82
eou;23,21,74
le5;41,40,86
0rp;50,39,74
r5h;88,84,65
ivc;66,46,61
zdj;57,91,21
lul;29,95,100
6ic;53,49,32
5mb;20,4,64
p8n;28,88,54
sws;91,8,80
wky;25,22,74
276;56,85,55
y7l;63,32,87
7c7;88,8,88
3q0;6,10,3
w8y;14,15,18
5i0;22,39,6
wrb;43,61,14
bto;17,17,35
k87;17,54,71
tra;46,25,56
xy5;66,73,47
l4h;32,91,30
gow;78,47,80
hzq;79,69,93
m01;10,100,73
7ns;37,27,60
ix8;88,87,52
okn;74,20,72
bir;91,22,32
74n;70,81,30
ubs;49,48,4
x2s;80,12,14
d16;3,68,87
n45;92,63,10
nji;40,88,62
kfn;21,98,59
d22;8,85,58
g5j;97,94,91
atk;100,46,80
q17;25,80,18
0bd;45,12,69
qo8;62,98,27
9aq;58,14,79
ti8;15,87,54
dtg;28,46,82
c6h;100,68,52
78o;35,48,6
emy;44,15,99
22z;87,19,24
cke;83,41,55
xie;27,34,96
04t;4,87,56
3s1;38,20,83
t8c;68,15,35
kqp;40,14,37
19p;34,76,56
vai;18,83,4
3z2;48,84,45
y1s;52,2,24
xtn;70,94,38
h2o;59,94,39
pmf;8,28,50
fti;3,81,21
71e;38,84,67
kaq;76,82,88
8nh;75,82,82
vw0;54,38,82
9nr;54,33,48
t57;49,30,68
nbl;95,92,30
n9k;12,85,12
w80;69,27,95
yr6;20,39,92
ouu;28,35,6
1ix;14,93,46
j1g;93,4,75
8j6;22,13,87
bxs;64,32,48
k5z;60,70,74
o7e;18,92,29
b01;14,29,14
pm1;81,10,20
wyb;9,75,30
28z;19,53,57
yvn;67,28,95
fea;38,32,75
19c;98,7,36
33y;53,26,55
lmq;72,28,62
3k1;10,97,75
1rs;45,85,20
2ll;28,57,6
8ob;98,33,52
0u9;88,83,75
4fn;22,4,46
a3i;81,63,26
oi3;20,29,79
641;92,68,2
ysp;61,71,4
asr;87,80,27
v92;63,2,44
1ka;26,82,48
qbv;29,32,34
fnk;76,52,42
iki;95,84,31
oii;56,38,23
ya2;41,54,16
j2e;38,75,31
wrj;65,80,92
chd;38,21,12
mjg;51,92,34
z1e;70,40,39
12e;80,64,73
c93;5,28,36
2fr;60,21,34
w4r;99,92,60
tlm;62,95,10
ee6;91,34,41
ced;76,42,18
rih;45,70,30
v98;87,11,15
vxv;53,5,61
tfc;24,84,42
hyx;3,14,86
wbw;1,27,67
2bo;67,11,15
cni;53,74,79
11k;50,74,14
sbw;16,79,16
ywl;56,41,21
3ob;32,97,68
iet;5,76,72
k98;16,39,25
4mc;80,53,16
cnu;43,98,29
5g5;38,67,66
2su;18,87,2
09a;92,52,86
7sx;11,57,4
0ys;62,5,4
jrg;33,97,21
mqw;74,30,90
y1o;38,37,25
qxy;82,45,90
fhn;62,25,91
6rf;54,67,12
6br;98,31,26
mgc;66,48,53
vrt;30,89,97
7vd;30,60,64
cum;38,33,6
65c;62,63,56
jl9;16,62,26
7eb;70,34,90
x47;20,18,41
u50;28,69,79
x55;34,38,95
cwk;75,69,50
gx9;64,29,77
eup;76,33,59
du8;46,79,65
4lb;26,49,70
5n5;55,64,82
hi4;49,16,8
izx;73,58,14
qgg;87,97,4
pci;19,86,76
5wu;74,87,91
bx7;56,10,58
j8w;35,28,26
bnz;40,6,86
898;72,22,99
xds;31,44,7
wh6;93,47,85
yjg;61,88,10
xu2;77,1,47
nip;35,77,63
ggl;100,25,69
vnu;74,35,72
nu1;20,74,7
g3g;29,18,90
2eo;26,36,50
h9l;98,10,51
l8z;67,23,15
2gm;3,13,44
4rh;61,92,28
pmm;96,90,13
fcz;94,62,71
dol;58,99,22
44n;25,38,60
x3b;9,32,30
mbi;11,59,24
hl2;71,44,25
laj;73,62,61
2nj;80,91,83
vf8;93,32,90
6zw;34,65,54
5z5;31,15,5
iax;60,55,19
s6o;90,97,85
e7d;17,44,40
meh;12,12,24
7jh;67,83,82
dy1;30,55,95
96h;28,16,64
gkb;43,52,91
338;26,23,15
u2b;12,87,57
o73;38,51,4
n26;1,76,52
5dk;54,32,88
268;88,48,77
lls;51,55,77
f70;39,73,8
d3l;91,19,74
rhw;53,72,90
euc;44,65,93
hrg;86,67,21
8of;62,25,22
9jo;41,50,70
b2f;78,26,36
4o6;19,79,52
d2w;4,29,5
bt7;19,78,87
5c9;30,78,57
euh;67,52,59
uyi;55,40,87
z8a;22,29,12
g47;35,1,1
vca;20,3,3
urj;96,37,3
mfs;41,89,8
soq;71,91,20
eo8;52,4,39
09x;46,86,9
zyq;84,24,45
ebb;45,27,15
oww;17,91,3
3oq;19,11,78
bav;10,2,57
mma;71,3,33
ruj;52,3,32
yd9;38,28,29
bdm;12,75,67
2p5;67,25,67
v3v;58,42,57
2z6;20,47,91
mvj;96,56,8
m38;32,1,63
8fv;18,40,12
ma2;94,94,70
a24;88,59,69
lju;74,94,2
0ym;16,13,13
ail;51,57,59
vof;34,40,19
wu3;29,87,77
szv;53,57,33
y9u;80,32,95
9mw;100,55,28
9ay;13,46,71
wua;11,25,50
fpv;31,16,3
quk;20,49,44
cp4;25,18,37
bgn;76,85,72
8rp;73,49,20
4om;35,72,58
s4i;12,79,21
p2j;5,31,82
htv;5,8,78
aqj;52,99,36
snv;51,83,10
i97;33,6,78
wz4;18,16,49
41q;27,84,48
avw;83,52,48
kob;70,32,28
ns8;16,23,71
bis;94,27,53
spq;20,66,21
hh2;9,54,6
61r;45,48,78
3l9;9,15,16
brj;71,86,43
sby;69,86,25
5rr;28,76,74
jwz;92,52,5
thu;90,75,31
t6u;68,8,94
mhm;74,59,87
1fb;78,31,63
z7u;20,10,55
v11;9,89,79
7dx;36,96,69
hwc;97,30,88
mc7;48,68,32
2uw;53,55,82
lnv;23,25,35
d0s;62,8,62
6rk;55,3,84
ow6;65,84,91
pwc;9,93,90
yrs;18,15,59
6sb;95,55,76
v99;50,68,71
rsl;87,67,76
nkq;7,77,18
l3u;29,77,24
t2l;85,31,55
xxu;48,24,41
cmr;59,74,90
kdt;17,70,11
1qz;53,74,36
6ar;93,95,32
vmt;42,4,100
uif;19,100,5
tkp;31,23,64
7oh;3,34,34
vex;88,44,56
old;31,63,37
xph;18,53,30
mbg;89,16,9
9o3;96,20,33
fvc;45,23,48
q0j;85,77,48
6ct;1,45,61
nnz;46,3,26
vfq;36,28,47
81y;49,55,3
3i4;84,98,48
ec5;36,5,97
94b;60,41,59
hak;30,30,63
quz;50,37,6
g43;47,79,15
29m;10,25,24
zm4;64,11,1
9rv;68,88,63
6s0;64,95,60
vuc;83,15,49
7pu;85,63,97
hnk;49,34,89
zrw;5,61,2
y78;30,57,30
ysk;1,29,78
3bs;84,51,79
qo9;39,21,11
xfm;13,81,32
xi6;88,3,54
3kj;1,30,24
cqi;95,87,26
wsn;69,9,11
4ku;88,20,60
idn;29,93,89
tb5;28,92,28
3u9;14,13,36
tvm;94,95,61
syt;91,55,63
nr3;35,24,45
z8d;34,11,12
emt;62,94,55
tu0;60,3,83
g8e;36,2,86
2b2;44,77,49
466;3,80,58
lor;30,8,42
n2f;69,90,32
1bm;16,54,48
9ql;53,36,68
r6j;68,13,2
vd0;35,88,19
fd0;16,1,56
0u8;90,2,94
mk9;16,69,4
70y;65,22,50
y4q;58,54,6
cy4;4,97,19
xd5;48,42,37
z39;92,92,16
i67;32,87,74
4tm;15,21,8
cgz;4,11,21
wf4;98,31,95
lmp;68,58,100
dk6;94,86,41
cjs;43,76,38
z62;13,17,15
5wd;15,96,100
jug;96,67,31
guo;1,43,59
zd7;16,59,75
pth;87,39,26
eie;67,43,30
gpp;63,91,75
zh8;78,92,85
v7r;39,93,32
2xc;35,83,87
mp5;64,71,52
hw5;34,76,53
6wm;61,2,26
vo0;49,96,95
k7w;53,52,88
zmw;55,19,11
8yz;89,29,61
dkk;3,53,39
yez;57,79,77
3xd;90,37,2
9fl;55,76,50
sx0;57,32,92
ysd;27,72,11
10j;12,54,92
juu;52,61,70
b4i;85,44,78
1su;83,23,85
gde;96,84,26
ua3;10,55,50
dw3;68,68,4
u88;12,63,32
akp;73,34,99
ijk;90,69,63